[Curves-tx]
point-count=2
point-0-x=11.021814346313477
point-0-y=5.581395149230957
point-1-x=21.125143051147461
point-1-y=6.9767441749572754

[opentrack-ui]
camera-pitch=-8
camera-roll=0
camera-yaw=0
center-at-startup=false
compensate-translation=true
compensate-translation-disable-z-axis=true
filter-dll=Accela
pitch-alt-axis-sign=false
pitch-invert-sign=false
pitch-source-index=4
pitch-zero-pos=0
protocol-dll=freetrack 2.0 Enhanced
roll-alt-axis-sign=false
roll-invert-sign=false
roll-source-index=5
roll-zero-pos=0
tracker-dll=RealSense\x2122 3D Face Tracking
use-system-tray=false
x-alt-axis-sign=false
x-invert-sign=false
x-source-index=0
x-zero-pos=0
y-alt-axis-sign=false
y-invert-sign=false
y-source-index=1
y-zero-pos=4
yaw-alt-axis-sign=false
yaw-invert-sign=true
yaw-source-index=3
yaw-zero-pos=0
z-alt-axis-sign=false
z-invert-sign=false
z-source-index=2
z-zero-pos=0

[Curves-tx_alt]
point-count=1
point-0-x=100
point-0-y=100

[Curves-ty]
point-count=3
point-0-x=1.0332950353622437
point-0-y=0
point-1-x=9.4144659042358398
point-1-y=3.2558138370513916
point-2-x=17.221584320068359
point-2-y=5.116279125213623

[Curves-ty_alt]
point-count=1
point-0-x=100
point-0-y=100

[Curves-tz]
point-count=3
point-0-x=12.629161834716797
point-0-y=0
point-1-x=45.924224853515625
point-1-y=0.93023258447647095
point-2-x=73.134330749511719
point-2-y=30.23255729675293

[Curves-tz_alt]
point-count=1
point-0-x=100
point-0-y=100

[Curves-rx]
point-count=3
point-0-x=3.5132031440734863
point-0-y=5.0232558250427246
point-1-x=16.326061248779297
point-1-y=16.744186401367188
point-2-x=27.69230842590332
point-2-y=20.930233001708984

[Curves-rx_alt]
point-count=1
point-0-x=180
point-0-y=180

[Curves-ry]
point-count=2
point-0-x=6.6130886077880859
point-0-y=5.0232558250427246
point-1-x=32.238807678222656
point-1-y=21.76744270324707

[Curves-ry_alt]
point-count=3
point-0-x=6.4064292907714844
point-0-y=5.887850284576416
point-1-x=16.946039199829102
point-1-y=28.59813117980957
point-2-x=24.385763168334961
point-2-y=72.336448669433594

[Curves-rz]
point-count=1
point-0-x=8.0597019195556641
point-0-y=4.1860466003417969

[Curves-rz_alt]
point-count=1
point-0-x=180
point-0-y=180

[Accela]
ewma=24
rotation-deadzone=0
rotation-threshold=28
translation-deadzone=0
translation-threshold=30

[keyboard-shortcuts]
key-alt-center=false
key-alt-toggle=false
key-alt-zero=false
key-ctrl-center=false
key-ctrl-toggle=false
key-ctrl-zero=false
key-index-center=0
key-index-toggle=0
key-index-zero=0
key-shift-center=false
key-shift-toggle=false
key-shift-zero=false
