[Curves-tx]
point-count=2
point-0-x=11.0218143463135
point-0-y=5.58139514923096
point-1-x=21.1251430511475
point-1-y=6.97674417495728

[opentrack-ui]
camera-pitch=-8
camera-roll=0
camera-yaw=0
center-at-startup=false
compensate-translation=true
compensate-translation-disable-z-axis=true
filter-dll=Accela
pitch-alt-axis-sign=false
pitch-invert-sign=false
pitch-source-index=4
pitch-zero-pos=0
protocol-dll=freetrack 2.0 Enhanced
roll-alt-axis-sign=false
roll-invert-sign=false
roll-source-index=5
roll-zero-pos=0
tracker-dll=Intel\xae RealSense\x2122 Technology
use-system-tray=false
x-alt-axis-sign=false
x-invert-sign=false
x-source-index=0
x-zero-pos=0
y-alt-axis-sign=false
y-invert-sign=false
y-source-index=1
y-zero-pos=4
yaw-alt-axis-sign=false
yaw-invert-sign=true
yaw-source-index=3
yaw-zero-pos=0
z-alt-axis-sign=false
z-invert-sign=false
z-source-index=2
z-zero-pos=0

[Curves-tx_alt]
point-count=1
point-0-x=100
point-0-y=100

[Curves-ty]
point-count=3
point-0-x=1.03329503536224
point-0-y=0
point-1-x=9.41446590423584
point-1-y=3.25581383705139
point-2-x=17.2215843200684
point-2-y=5.11627912521362

[Curves-ty_alt]
point-count=1
point-0-x=100
point-0-y=100

[Curves-tz]
point-count=3
point-0-x=12.6291618347168
point-0-y=0
point-1-x=45.9242248535156
point-1-y=0.930232584476471
point-2-x=73.1343307495117
point-2-y=30.2325572967529

[Curves-tz_alt]
point-count=1
point-0-x=100
point-0-y=100

[Curves-rx]
point-count=3
point-0-x=3.51320314407349
point-0-y=5.02325582504272
point-1-x=16.3260612487793
point-1-y=16.7441864013672
point-2-x=27.6923084259033
point-2-y=20.930233001709

[Curves-rx_alt]
point-count=1
point-0-x=180
point-0-y=180

[Curves-ry]
point-count=2
point-0-x=6.61308860778809
point-0-y=5.02325582504272
point-1-x=32.2388076782227
point-1-y=21.7674427032471

[Curves-ry_alt]
point-count=3
point-0-x=6.40642929077148
point-0-y=5.88785028457642
point-1-x=16.9460391998291
point-1-y=28.5981311798096
point-2-x=24.385763168335
point-2-y=72.3364486694336

[Curves-rz]
point-count=1
point-0-x=8.05970191955566
point-0-y=4.1860466003418

[Curves-rz_alt]
point-count=1
point-0-x=180
point-0-y=180

[Accela]
ewma=24
rotation-deadzone=0
rotation-threshold=28
translation-deadzone=0
translation-threshold=30

[keyboard-shortcuts]
key-alt-center=false
key-alt-toggle=false
key-alt-zero=false
key-ctrl-center=false
key-ctrl-toggle=false
key-ctrl-zero=false
key-index-center=0
key-index-toggle=0
key-index-zero=0
key-shift-center=false
key-shift-toggle=false
key-shift-zero=false
