[Curves-tx]
point-count=3
point-0-x=6.6590127944946289
point-0-y=1.8604651689529419
point-1-x=12.514350891113281
point-1-y=6.0465116500854492
point-2-x=21.928817749023438
point-2-y=10.697674751281738

[ewma-filter]
max-smoothing=50
min-smoothing=9
smoothing-scale-curve=8

[keyboard-shortcuts]
key-alt-center=false
key-alt-toggle=false
key-alt-zero=false
key-ctrl-center=false
key-ctrl-toggle=false
key-ctrl-zero=false
key-index-center=0
key-index-toggle=0
key-index-zero=0
key-shift-center=false
key-shift-toggle=false
key-shift-zero=false

[opentrack-ui]
camera-pitch=-5
camera-roll=0
camera-yaw=0
center-at-startup=false
compensate-translation=true
compensate-translation-disable-z-axis=true
filter-dll=Accela
pitch-alt-axis-sign=true
pitch-invert-sign=false
pitch-source-index=4
pitch-zero-pos=0
protocol-dll=freetrack 2.0 Enhanced
roll-alt-axis-sign=false
roll-invert-sign=false
roll-source-index=5
roll-zero-pos=0
tracker-dll=RealSense\x2122 3D Face Tracking
use-system-tray=false
x-alt-axis-sign=false
x-invert-sign=false
x-source-index=0
x-zero-pos=0
y-alt-axis-sign=false
y-invert-sign=false
y-source-index=1
y-zero-pos=4
yaw-alt-axis-sign=false
yaw-invert-sign=true
yaw-source-index=3
yaw-zero-pos=0
z-alt-axis-sign=false
z-invert-sign=false
z-source-index=2
z-zero-pos=0

[Curves-tx_alt]
point-count=1
point-0-x=100
point-0-y=100

[Curves-ty]
point-count=3
point-0-x=5.7405281066894531
point-0-y=1.8604651689529419
point-1-x=34.902412414550781
point-1-y=7.9069766998291016
point-2-x=59.701492309570312
point-2-y=34.418605804443359

[Curves-ty_alt]
point-count=1
point-0-x=100
point-0-y=100

[Curves-tz]
point-count=4
point-0-x=12.629161834716797
point-0-y=0
point-1-x=44.661308840413312
point-1-y=0
point-2-x=67.278989667049359
point-2-y=9.3023255813953494
point-3-x=87.485648679678519
point-3-y=10.697674418604652

[Curves-tz_alt]
point-count=1
point-0-x=100
point-0-y=100

[Curves-rx]
point-count=4
point-0-x=3.0998852252960205
point-0-y=4.1860466003417969
point-1-x=11.779563903808594
point-1-y=16.744186401367188
point-2-x=32.238807678222656
point-2-y=22.604650497436523
point-3-x=90.516647338867188
point-3-y=32.651161193847656

[Curves-rx_alt]
point-count=1
point-0-x=180
point-0-y=180

[Curves-ry]
point-count=3
point-0-x=9.7129735946655273
point-0-y=6.6976742744445801
point-1-x=47.531574249267578
point-1-y=22.604650497436523
point-2-x=129.36854553222656
point-2-y=35.162792205810547

[Curves-ry_alt]
point-count=2
point-0-x=15.086108207702637
point-0-y=9.2523365020751953
point-1-x=34.925373077392578
point-1-y=14.299065589904785

[Curves-rz]
point-count=3
point-0-x=8.8863372802734375
point-0-y=3.34883713722229
point-1-x=23.972444534301758
point-1-y=12.558139801025391
point-2-x=44.01837158203125
point-2-y=17.581396102905273

[Curves-rz_alt]
point-count=1
point-0-x=180
point-0-y=180

[Accela]
ewma=24
rotation-deadzone=0
rotation-threshold=56
translation-deadzone=0
translation-threshold=43

[udp-tracker]
add-pitch=0
add-roll=0
add-yaw=0
port=5550
