[Curves-tx]
point-count=2
point-0-x=11.021814346313477
point-0-y=5.581395149230957
point-1-x=21.125143051147461
point-1-y=6.9767441749572754

[ewma-filter]
max-smoothing=50
min-smoothing=9
smoothing-scale-curve=8

[keyboard-shortcuts]
key-alt-center=false
key-alt-toggle=false
key-alt-zero=false
key-ctrl-center=false
key-ctrl-toggle=false
key-ctrl-zero=false
key-index-center=0
key-index-toggle=0
key-index-zero=0
key-shift-center=false
key-shift-toggle=false
key-shift-zero=false
keycode-center=
keycode-toggle=
keycode-zero=

[opentrack-ui]
camera-pitch=-5
camera-roll=0
camera-yaw=-5
center-at-startup=false
compensate-translation=true
compensate-translation-disable-z-axis=true
filter-dll=Accela
pitch-alt-axis-sign=true
pitch-invert-sign=false
pitch-source-index=4
pitch-zero-pos=0
protocol-dll=freetrack 2.0 Enhanced
roll-alt-axis-sign=false
roll-invert-sign=false
roll-source-index=5
roll-zero-pos=0
tracker-dll=Intel\xae RealSense\x2122 Technology
use-system-tray=false
x-alt-axis-sign=false
x-invert-sign=false
x-source-index=0
x-zero-pos=0
y-alt-axis-sign=false
y-invert-sign=false
y-source-index=1
y-zero-pos=0
yaw-alt-axis-sign=false
yaw-invert-sign=true
yaw-source-index=3
yaw-zero-pos=0
z-alt-axis-sign=false
z-invert-sign=false
z-source-index=2
z-zero-pos=0
centering-method=0

[Curves-tx_alt]
point-count=1
point-0-x=100
point-0-y=100

[Curves-ty]
point-count=3
point-0-x=0
point-0-y=0
point-1-x=9.0700344431687707
point-1-y=14.418604651162791
point-2-x=19.862227324913889
point-2-y=21.86046511627907

[Curves-ty_alt]
point-count=1
point-0-x=100
point-0-y=100

[Curves-tz]
point-count=3
point-0-x=48.909299655568304
point-0-y=0
point-1-x=63.605051664753148
point-1-y=2.3255813953488373
point-2-x=72.215843857634894
point-2-y=5.5813953488372094

[Curves-tz_alt]
point-count=1
point-0-x=100
point-0-y=100

[Curves-rx]
point-count=3
point-0-x=3.5132032146957521
point-0-y=9.2093023255813957
point-1-x=14.672789896670494
point-1-y=40.186046511627907
point-2-x=30.998851894374283
point-2-y=47.720930232558139

[Curves-rx_alt]
point-count=1
point-0-x=180
point-0-y=180

[Curves-ry]
point-count=3
point-0-x=7.6463834672789899
point-0-y=10.046511627906977
point-1-x=20.459242250287026
point-1-y=27.627906976744185
point-2-x=46.498277841561425
point-2-y=30.13953488372093

[Curves-ry_alt]
point-count=3
point-0-x=5.993111366245695
point-0-y=6.7289719626168223
point-1-x=14.25947187141217
point-1-y=21.028037383177569
point-2-x=32.858783008036738
point-2-y=23.55140186915888

[Curves-rz]
point-count=1
point-0-x=8.0597019195556641
point-0-y=4.1860466003417969

[Curves-rz_alt]
point-count=1
point-0-x=180
point-0-y=180

[Accela]
ewma=24
rotation-deadzone=10
rotation-threshold=50
translation-deadzone=10
translation-threshold=53

[udp-tracker]
add-pitch=0
add-roll=0
add-yaw=0
port=5550
